1.079126715660095215e+00 1.440511345863342285e+00
6.848893761634826660e-01 1.156929492950439453e+00
5.467828512191772461e-01 8.630415797233581543e-01
4.291769564151763916e-01 8.052841424942016602e-01
4.261775314807891846e-01 7.674140930175781250e-01
3.889263272285461426e-01 7.526678442955017090e-01
3.779683709144592285e-01 7.302330732345581055e-01
3.361642658710479736e-01 7.095658183097839355e-01
3.251219689846038818e-01 7.029556632041931152e-01
3.124380409717559814e-01 6.718378663063049316e-01
2.944148182868957520e-01 6.580799221992492676e-01
3.266587555408477783e-01 6.491152048110961914e-01
2.781731486320495605e-01 5.872449278831481934e-01
2.604232728481292725e-01 5.749453902244567871e-01
2.375117242336273193e-01 5.407624840736389160e-01
2.630568444728851318e-01 5.493421554565429688e-01
2.385967522859573364e-01 5.300824046134948730e-01
2.219067960977554321e-01 5.000705718994140625e-01
2.143691331148147583e-01 4.975194036960601807e-01
2.158211916685104370e-01 4.980546832084655762e-01
2.193324565887451172e-01 5.355291366577148438e-01
2.325127422809600830e-01 4.919595122337341309e-01
2.187699675559997559e-01 4.633994698524475098e-01
2.617669403553009033e-01 4.930398464202880859e-01
2.039835900068283081e-01 4.762270748615264893e-01
2.006193399429321289e-01 5.169090628623962402e-01
2.097149938344955444e-01 4.701940715312957764e-01
2.104694694280624390e-01 4.217513501644134521e-01
2.340565025806427002e-01 4.310960769653320312e-01
1.989411264657974243e-01 4.562186896800994873e-01
