1.239438414573669434e+00
7.244429588317871094e-01
5.341324806213378906e-01
3.896091878414154053e-01
3.919814825057983398e-01
3.587585687637329102e-01
3.328903913497924805e-01
3.072265088558197021e-01
2.956963777542114258e-01
2.724807858467102051e-01
2.498653829097747803e-01
2.628003656864166260e-01
2.143208533525466919e-01
2.113938331604003906e-01
1.896273493766784668e-01
1.951603144407272339e-01
1.763775944709777832e-01
1.620168089866638184e-01
1.539850831031799316e-01
1.577638536691665649e-01
1.687244772911071777e-01
1.562560200691223145e-01
1.445666551589965820e-01
1.681944429874420166e-01
1.447588503360748291e-01
1.618949621915817261e-01
1.506212651729583740e-01
1.291438341140747070e-01
1.327454447746276855e-01
1.359437555074691772e-01
