1.285925626754760742e+00 1.192951202392578125e+00
6.459422707557678223e-01 8.029435873031616211e-01
4.218777120113372803e-01 6.463872194290161133e-01
2.563716173171997070e-01 5.228467583656311035e-01
2.499513328075408936e-01 5.340116024017333984e-01
2.144093215465545654e-01 5.031077861785888672e-01
1.973833590745925903e-01 4.683974087238311768e-01
1.685469299554824829e-01 4.459060728549957275e-01
1.535939574241638184e-01 4.377987682819366455e-01
1.398291587829589844e-01 4.051324129104614258e-01
1.243410333991050720e-01 3.753897249698638916e-01
1.497470587491989136e-01 3.758536577224731445e-01
1.085730567574501038e-01 3.200686573982238770e-01
1.019629389047622681e-01 3.208247423171997070e-01
8.600825816392898560e-02 2.932464480400085449e-01
1.004820540547370911e-01 2.898385822772979736e-01
8.185707032680511475e-02 2.708981335163116455e-01
7.255829125642776489e-02 2.514753341674804688e-01
7.036518305540084839e-02 2.376049757003784180e-01
6.700947135686874390e-02 2.485182285308837891e-01
6.887932121753692627e-02 2.685696482658386230e-01
7.606536149978637695e-02 2.364466637372970581e-01
7.329404354095458984e-02 2.158392518758773804e-01
9.250710159540176392e-02 2.438817769289016724e-01
6.079468876123428345e-02 2.287230193614959717e-01
5.800250917673110962e-02 2.657874226570129395e-01
6.336696445941925049e-02 2.378755509853363037e-01
6.124049425125122070e-02 1.970471888780593872e-01
7.213765382766723633e-02 1.933532506227493286e-01
5.556862428784370422e-02 2.163188904523849487e-01
