1.259819030761718750e+00
9.209094047546386719e-01
7.049121856689453125e-01
6.172305345535278320e-01
5.967957973480224609e-01
5.707970857620239258e-01
5.541007518768310547e-01
5.228650569915771484e-01
5.140388011932373047e-01
4.921379685401916504e-01
4.762473702430725098e-01
4.878869652748107910e-01
4.327090382575988770e-01
4.176843166351318359e-01
3.891370892524719238e-01
4.061995148658752441e-01
3.843395709991455078e-01
3.609886765480041504e-01
3.559442758560180664e-01
3.569379448890686035e-01
3.774307966232299805e-01
3.622361421585083008e-01
3.410847187042236328e-01
3.774033784866333008e-01
3.401053249835968018e-01
3.587642014026641846e-01
3.399545252323150635e-01
3.161104023456573486e-01
3.325762748718261719e-01
3.275799155235290527e-01
